Nodes
500 400
1500 400
100 400
1700 400
500 300
500 500
400 500
400 300
500 200
700 300
100 100
500 100
700 200
1500 100
1700 100
900 200
1100 200
1300 200
900 300
1100 300
1300 300
1400 300
1400 200
1600 200
1600 300
1500 300
1000 300
800 300

Roads
0 1 3 120
1 0 3 120
0 2 3 120
2 0 3 120
3 1 3 120
1 3 3 120
0 4 2 80
0 5 2 80
5 6 2 80
6 7 2 80
7 4 2 80
4 9 2 80
9 4 2 80
2 10 3 120
10 2 3 120
10 11 3 120
11 10 3 120
11 8 3 80
8 11 3 80
8 12 2 80
12 8 2 80
12 9 2 80
9 12 2 80
11 13 3 120
13 11 3 120
13 14 3 120
14 13 3 120
14 3 3 120
3 14 3 120
12 15 2 80
15 12 2 80
15 16 2 50
16 15 2 50
16 17 2 50
17 16 2 50
15 18 2 50
18 15 2 50
16 19 1 50
19 20 1 50
20 21 1 50
21 22 1 50
17 22 2 50
22 17 2 50
22 23 2 50
23 22 2 50
23 24 1 50
24 25 1 50
25 21 1 50
18 26 1 50
18 27 1 50
27 18 1 50
26 18 1 50
17 20 1 50
