Nodes
500 400
1500 400
100 400
1700 400
500 300
500 500
400 500
400 300
500 200
700 300
100 100
500 100
700 200
1500 100
1700 100
900 200
1100 200
1300 200
900 300
1100 300
1300 300
1400 300
1400 200
1600 200
1600 300
1500 300
1000 300
800 300
100 700
100 1000
600 700
600 1000
1700 1000
1700 700
1200 700
600 800
1200 800
1400 800
1600 800
1600 900
1200 900
1000 900
800 900
600 600
1000 600
1000 500
1500 500
1500 600

Roads
0 1 3 120
1 0 3 120
0 2 3 120
2 0 3 120
3 1 3 120
1 3 3 120
0 4 2 80
0 5 2 80
5 6 2 80
6 7 2 80
7 4 2 80
4 9 2 80
9 4 2 80
2 10 3 120
10 2 3 120
10 11 3 120
11 10 3 120
11 8 3 80
8 11 3 80
8 12 2 80
12 8 2 80
12 9 2 80
9 12 2 80
11 13 3 120
13 11 3 120
13 14 3 120
14 13 3 120
14 3 3 120
3 14 3 120
12 15 2 80
15 12 2 80
15 16 2 50
16 15 2 50
16 17 2 50
17 16 2 50
15 18 2 50
18 15 2 50
16 19 1 50
19 20 1 50
20 21 1 50
21 22 1 50
17 22 2 50
22 17 2 50
22 23 2 50
23 22 2 50
23 24 1 50
24 25 1 50
25 21 1 50
18 26 1 50
18 27 1 30
27 18 1 30
26 18 1 50
17 20 1 50
4 8 2 80
2 28 3 130
28 2 3 130
28 29 3 130
29 28 3 130
28 30 3 130
30 28 3 130
29 31 3 130
31 29 3 130
31 32 3 130
32 31 3 130
32 33 3 130
33 32 3 130
33 3 3 130
3 33 3 130
30 34 3 130
34 30 3 130
34 33 3 130
33 34 3 130
30 35 3 90
35 30 3 90
35 31 3 90
31 35 3 90
34 36 3 90
36 34 3 90
36 35 3 90
35 36 3 90
36 37 2 80
37 38 2 80
38 39 2 80
39 40 2 80
40 36 2 80
40 41 1 50
41 40 1 50
41 42 1 30
42 41 1 30
30 43 2 90
43 30 2 90
43 44 2 90
44 43 2 90
44 45 2 90
45 44 2 90
45 46 2 90
46 45 2 90
46 47 2 90
47 46 2 90
47 44 2 90
44 47 2 90
46 1 2 90
1 46 2 90
