Nodes
-300 -200
500 -200
-300 -700
-800 -700
-800 -500
0 -500
0 0
500 0
-300 0
-800 0
-800 -200
500 -500
500 -700
300 -700
100 -500
200 -500
300 -500
400 -500
300 -600
100 -300
200 -300

Roads
0 1 3 80
1 0 3 80
0 2 3 120
2 0 3 120
3 4 3 120
4 3 3 120
4 5 3 120
5 4 3 120
5 6 3 120
6 5 3 120
6 7 3 120
7 6 3 120
7 1 3 120
1 7 3 120
2 3 3 120
3 2 3 120
6 8 3 80
8 6 3 80
8 9 3 80
9 8 3 80
9 10 3 80
10 9 3 80
10 4 3 80
4 10 3 80
1 11 3 80
11 1 3 80
11 12 3 80
12 11 3 80
12 13 3 80
13 12 3 80
13 2 3 120
2 13 3 120
5 14 2 50
14 15 2 50
15 16 2 50
11 17 2 50
17 16 2 50
16 18 2 50
18 13 2 50
14 19 1 50
19 14 1 50
15 20 1 50
20 15 1 50
