Nodes
-700 -400
400 -400
200 -100
200 700
-400 -200
-400 200
-200 500
100 500
-100 200
-100 -200
-100 400
-200 400
100 -100
-700 -200
600 -200
600 0
300 -200
300 0
600 -300
600 -400
600 700
-400 500
-700 200

Roads
0 1 3 80
1 0 6 180
2 3 3 80
3 2 3 80
4 5 3 80
5 4 3 80
6 7 3 80
7 6 3 80
8 9 3 80
9 8 3 80
9 4 3 80
4 9 3 80
5 8 3 80
8 5 3 80
8 10 3 80
10 8 3 80
10 11 3 80
11 10 3 80
11 6 3 80
6 11 3 80
7 12 3 80
12 7 3 80
12 2 3 80
2 12 3 80
4 13 3 80
13 4 3 80
13 0 3 80
0 13 3 80
14 15 3 80
15 14 3 80
14 16 3 80
16 14 3 80
16 17 3 80
17 16 3 80
17 15 3 80
15 17 3 80
14 18 3 80
18 14 3 80
18 19 3 80
19 18 3 80
19 1 3 80
1 19 3 80
15 20 3 80
20 15 3 80
20 3 3 80
3 20 3 80
5 21 3 80
21 5 3 80
21 6 3 80
6 21 3 80
13 22 3 80
22 13 3 80
22 5 3 80
5 22 3 80
